000000000000000000000000
000000000000000000000000
000000000000000000000000
00000000000000000X000000
000000000000000000000000
00000000000000000000X000
000000000000000000000000
000000000000000000000000
000000000000000000000000
000000000000000000000000
00000000X000000000000000
000000000000000000000000
000000000000000000000000
000000000000000000000000
000000000000000000000000
00X000000000000000000000
000000000000000000000000
000000000000000000000000
00000000000000000000000X
00000X000000000000000000
000000000000000000000000
000000000000000000000000
000000000000000000000000
000000000000000000000000
000000000000000000000000
000000000000000000000000
00X000000000000000000000
000000000000000000000000
000000000000000000000000
000000000000000000000000
000000000000000000000000
00000000000000X000000000
000000000000000000000000
000000000000000000000000
000000000000000000000000
000000000000000000000000
000000000000000000000000
000000000000000000000000
000000000000000000000LLL
000000000000000000000LLL
0000000000000000X0000LLL
