000000000000000000000000
000000000000000000000000
000000000000000000000000
000000000000000000000000
000000000000000000000000
000000000000000000000000
000000000000000000000000
000000000000000000000000
000000000000000000000000
000000000000000000000X00
000000000000000000000000
000000000000000000000000
000000000000000000000000
0000000000000000X0000000
000000000000000000000000
000000000000000000000000
00000000X000000000000000
00000000000000000000X000
000000000000000000000000
000000000000000000000000
000000000000000000000000
00000000000000000000X000
000000000000000000000000
000000X00000X00000000000
000000000000000000000000
00000000000X000000000000
000000000000000000000000
000000000000000000000000
000000000000000000000000
000000000000000000000000
0000000000000000X0000000
000000000000000000000000
000000000000000000000000
000000000000000000000000
000000000000000000000000
000000000000000000000000
000000000000000000000000
000000000000000000000000
000000000000000000000LLL
000000000000000000000LLL
000X00000000000000000LLL
