000000000000000000000000
000000000000000000000000
000000000000000000000000
000000000000000000000000
000000000000000000000000
000000000000000000000000
000000000000000000000000
000000000000000000000000
00000000000000X000000000
000000000000000000000000
000000000000000000000000
000000000000000000000000
000000000000000000000000
0X0000000000X00000000000
000000000000000000000000
000000000000000000000000
000000000000000000000000
000000000000000000000000
000000000000000X00000000
000000000000000000000000
000000000000000000000000
000000000000000000000000
000000000000000000000000
000000000000000000000000
000000000000000000000000
00000000000000000000X000
00000X0000000000X0000000
000000000000000000000000
0000000000X0000000000000
000000000000000000000000
000000000000000000000000
000000000000000000000000
000000000000000000000000
000000000000000000000000
000000000000000000000000
000000000000000000000000
X00000000000000000000000
000000000000000000000000
000000000000X00000000LLL
000000000000000000000LLL
000000000000000000000LLL
