000000000000000000000000
000000000000000000000000
000000000000000000000000
000000000000000000000000
000000000000000000000000
000000000000000000000000
000000000000000000000000
000000000000000000000000
000000000000000000000000
000000000000000000000000
000000000000000000000000
000000000000000000000000
000000000000000000000000
000000000000000000000000
000000000000000000000000
000000000000000000000000
000000000000000000000000
000000000000000000000000
000000000000000000000000
000000000000000000000000
00000000000000X000000000
000000000X00000000000000
000000000000000000000000
000000000000000000000000
000000000000000000000000
0000000000000000XX000000
000000000000000000000000
000000000000000000000000
000000000000000000000000
000000000000000000000000
000000000000000000000000
00000000000X000000000000
000000000000000000000000
000000000000000000000000
000000000000000000000000
0000000000000X0000000000
000000000000000000000000
000000000000X00000X00000
000000000000000000000LLL
00000X000000000000000LLL
0000X0000000000000000LLL
