000000000000000000000000
000000000000000000000000
000000000000000000000000
000000000000000000000000
00000000X00000X000000000
000000000000000000000000
000000000000000000000000
000000000000000000000000
000000000000000000000000
0000000X0000000000000000
00000000000000000000X000
000000000000000000000000
000000000000000000000000
000000000000000000000000
000000000000000000000000
000000000000000000000000
0000000000000000000000X0
0000XX000000000000000000
000000000000000000000000
000000000000000000000000
000000000000000000000000
000000000000000000000000
000000000000000000000000
000000000000000000000000
000000000000000000000000
000000000000000000000000
000000000000000000000000
0000000000000000000000X0
000000000000000000000000
000000000000000000000000
000000000000000000000000
000000000000000000000000
000000000000000000000000
000000000000000000000000
000000000000000000000000
000000000000000000000000
000000000000000000000000
000000000000000000000000
0000000000000X00X0000LLL
000000000000000000000LLL
000000000000000000000LLL
