000000000000000000000000
000000000000000000000000
000000000000000000000000
000000000000000000000000
000000000000000000000000
000000000000000000000000
000000000000000000000000
000000000000000000000000
0000000X0000000000000000
000000000000000000000000
000000000000000000000000
00000000000000000000X000
000000000000000000000000
000000000000000000000000
0000000000000X0000000000
000000000000000000000000
000000000000000000000000
000000000000000000000000
00X000000000000000000000
000000000000000000000000
000000000000000000000000
000000000000000000000000
000000000000000000000000
0X0000000000000000000000
000000000000000000000000
000000000000000000000000
0XX000000000000000000000
000000000000000000000000
000000000000000000000000
000000000000000000000000
000000000000000000000000
0000000000X0000000000000
0000000000000000X0000000
000000000000000000000000
000000000000000000000000
000000000000000000000000
000000000000000000000000
000000000000000000000000
000000000000000000000LLL
00000000000000000X000LLL
000000000000000000000LLL
