X00000000000000000000000
000000000000000000000000
000000X00000000000000000
000000000000000000000000
000X00000000000000000000
000000000000000000000000
000000000000000000000000
000000000000X00000000000
000000000000000000000000
000000000000000000000000
000000000000000000000000
000000000000000000000000
000000000000000000000000
000000000000000000000000
000000000000000000000000
000000000000000000000000
000000000000000000000000
000000000X00000000000000
000000000000000000000000
000000000000000000000000
000000000000000000000000
000000000000000000X00000
000000000000000000000000
000000000000000000000000
000000000000000000000000
000000000000X00000000000
X00000000000000000000000
000000000000000000000000
000000000000000000000000
000000000000000000000000
000000000000000000000000
000000000000000000000000
000000000000000000000000
000000000000000000000000
000000000000000000000000
000000000000000000000000
000000000000000000X00000
000000000000000000000000
000000000X00000000000LLL
000000000000000000000LLL
000000000000000000000LLL
