000000000000000000000000
000000000000000000000000
000000000000000000000000
X00000000000000000000000
0000000000000X0000000000
000000000000000000000000
000000000000000000000000
000000000000000000000000
000000000000000000000000
000000000000000000000000
000000000000000000000000
000000000000000000000000
000000000000000000000000
000000000000000000000000
000000000000000000000000
000000000000000000000000
000000000000000000000000
000000000000000000000000
000000000000000000000000
000000000000000000000000
000000000000000000000000
000000X00000000000000000
000000000000000000000000
000000000000000000000000
000000000000000000000000
000000000000000000000000
000000000000000000000000
000000000000000000000000
000000000000000000000000
000000000000000000000000
000000000000000000000000
0000000000X0000000000000
000000000000000000000000
000000000000000000X00000
000000000000000000000X00
000000000000000000000000
000000X00000000000000000
000000000000000000000000
000000000000000000000LLL
00X00000000000000X000LLL
000000000000000000000LLL
