0000000000000000000000X0
000000000000000000000000
000000000000000000000000
000000000000000000000000
000000000000000000000000
000000000000000000000000
000000000000000000000000
000000000000000000000000
000000000000000000000000
000000000000000000000000
0000000000000000000000X0
000000000000000000000000
00000000000000000X000000
000000000000000000000000
000000000000000000000000
000000000000000000000000
000000000000000000000000
000000000000000000000000
000000000000000000X00000
000000000000000000000000
000000000000000000000000
000000000000000000000000
000000000000000000000000
000000000000000000000000
00000000X000000000000000
000X000000000000X00000X0
000000000000000000000000
000000000000000000000000
000000000000000000000000
000000000000000000000000
00000X000000000000000000
0000000000000000000X0000
000000000000000000000000
000000000000000000000000
000000000000000000000000
000000000000000000000000
000000000000000000000000
000000000000000000000000
000000000000000000000LLL
000000000000000000000LLL
000000000000000000000LLL
