00000000000000000000000X
00000X000000000000000000
000000000000000000000000
000000000000000000000000
000000000000000000000000
000X00000000000000000000
000000000000000000000000
000000000000000000000000
000000000000000000000000
000000000000000000000000
000000000000000000000000
000000000000000000000000
000000000000000000000000
000000000000000000000000
000000000000000000000000
00000X000000000000000000
000000000000000000000000
000000000000000000000000
000000000000000000000000
000000000000000000000000
000X00000000000000000000
000000000000000000000000
000000000000000000000000
000000000000000000000000
000000000000000000000000
000000000000000000000000
000000000000000000000000
00000000000000000000X000
000000000000000000000000
000000000000000000000000
00000000X000000000000000
000000000000000000000000
000000000000000X00000000
000000000000000000000000
000000000000000000000000
00000000000000000000000X
000000000000000000000000
000000000000000000000000
000000000000000000000LLL
000000000000000000000LLL
000000000000000000X00LLL
