000000000000000000000000
000000000000000000X00000
000000000000000000000000
000000000000000000000000
000000000000000000000000
000000000000000000000000
000000000000000000000000
0000000000000000000X0000
000000000000000000000000
000000000000000000000000
000000000000000000000000
000000000000000000000000
000000000000000000000000
000000000000000000000000
000000000000000000000000
000000000000000000000000
000000000000000000000000
0000000000000X0000000X00
000000000000000000000000
000000000000000000000000
000000000000000000000000
000000000000000000000000
00000000000000000X000000
00000000X00000000000000X
000000000000000000000000
000000000000000000000000
000000000000000000000000
000000000000000000000000
000000000000000000000000
000000000000000000000000
000000000000000000000000
000000000000000000000000
000000000000000000000000
000000000000000000000000
000000000000000000000000
000000000000000000000000
000000000000000000000000
000000000X00000000000000
0000000000000000000X0LLL
000000000000000000000LLL
000000000000X00000000LLL
