000000000000000000000000
000000000000000000000000
00000000000000000000X000
0000000000000000X0000000
000000000000000000000000
000000000000000000000000
000000000000000000000000
000000000000000000000000
00000000X00000000000000X
000000000000000000000000
000000000000000000000000
000000000000000000000000
000000000000000000000000
00000000000000X000000000
000000000000000000000000
000000000000000000000000
000000000000000000000000
000000000000000000000000
000000000000000000000000
000000000000000000000000
000000000000000000000000
000000000000000000000000
000000000000000000000000
000000000000000000000000
000000000000000000000000
000000000000000000000000
000000000000000000000000
00000000000X000000000000
000000000000000000000000
000000000000000000000000
000000000000000000000000
00000000000X0000X0000000
000000000000000000000000
000000000000000000000000
000000000000000000000000
000000000000000000000000
000000000000000000000000
000000000000000000000000
000000000000000000000LLL
00000000000000X000000LLL
000000000000000000000LLL
