000000000000000000000000
000000000000000000000000
000000000000000000000000
000000000000000000000000
000000000000000000000000
000000000000000000000000
000000000000000000000000
000000000000000000000000
000000000000000000000000
000000000000000000000000
000000000000000000000000
000000000000000000000000
000000000000000000000000
000000000000000000000000
000000000000000000000000
000000000000000000000000
000000000000000000000000
000000000000000000000000
0X0000000000000000000000
000000000000000000000000
000000000000000000000000
X00000000000000000000000
0X0000000000000000000000
000000000000000000000000
000000000000000000000000
000000000000000000000000
000000000000000000000000
00X000000000000000000000
0000X0000000000000000000
000000000000000000000000
000000000000000000000000
000000000000000000000000
000000000000000000000000
000000000000000X000X0000
0000000000000000X0000000
000000000000000000000000
000000000000000000000000
000000000000000000000000
00000000000XX00000000LLL
000000000000000000000LLL
000000000000000000000LLL
