000000000000000000000000
00X000000000000000000000
000000000000000000000000
000000000000000000000000
000000000000000000000000
000000000000000000000000
000000000000000000000000
000000000000000000000000
000000000000000000000000
000000000000000000000000
000000000000000000000000
000000000000000000000000
000000000000000000000000
000000000000000000000000
000000000000000000000000
000000000000000000000000
000000000000000000000000
0000000000000000X0000000
000000000000000000000000
00000000000X000000000000
000000000000000000000000
0X00000000000X000000000X
000000000000000000000000
000000000000000000000000
000000000000000000000000
000000000000000000000000
00000000000000000X000000
000000000000000000000000
000000000000000000000000
000000000000000000000000
000000000000000000000000
000000000000000000000000
000000000000000000000000
000000000000000000000000
000000000000000000000000
000000000000000000000000
000X00000000000000000000
000000000000000000000000
000000000000000000000LLL
00000000000000000000XLLL
0000X0000000000000000LLL
