000000000000000000000000
000000000000000000000000
000000000000000000000000
000000000000000000000000
000000000000000000000000
000000000000000000000000
000000000000000000000000
000000000000000000000000
000000000000000000000000
00000000000000X000000000
000000000000000000000000
000000000000000000000000
000000000000000000000000
0000000000000000000000X0
000000000000000000000000
000000000000000000000000
000000000000000000000000
00000000X000000000000000
00000000000000000000X000
000000000000000000000000
000000000000000000000000
000000000000000000000000
000000000000000000000000
000000000000000000000000
000000000000000000000000
000000000000000000000000
0000000000000000000X0000
000000000000000000000000
00000X000000000000000000
000000000000000000000000
000000000000000000000000
000000000000000000000000
00000X000000000000000000
000000000000000000000000
000000000000000000000000
000000000000000000000000
00000000000X000000000000
0000X00X0000000000000000
000000000000000000000LLL
000000000000000000000LLL
000000000000000000000LLL
