000000000000000000000000
000000000000000000000000
000000000000000000000000
000000000000000000000000
000000000000000000000000
000000000000000000000000
000000000000000000000X00
000000000000000000000000
0000X0000000000000000000
0000000000000000000X0000
000000000000000000000000
000000000000000000000000
000000000000000000000000
000000000000000000000000
000000000000000000000000
000000000000000000000000
000000000000000000000000
000000000000000000000000
000000000000000000000000
000000000000000X00000000
000000000000000000000000
000000000000000000000000
000000000000000000000000
0000000000000000000000X0
000000000000000000000000
000000000000000000000000
000000000000000000000000
000000000000000000000000
000000000000000000000000
000000000000X00000000X00
000000000000000000000000
000000000000000000000000
000000000000000000000000
000000000000000000000000
00000000000X000X00000000
000000000000000000000000
000000000000000000000000
000000000000000X00000000
000000000000000000000LLL
000000000000000000000LLL
000000000000000000000LLL
