000000000000000000000000
0000000000000000000000X0
00000000000000000000000X
000000000000000000000000
000000000000000000000000
000000000000000000000000
000000000000000000000000
000000000000000000000000
000000000000000000000000
000000000000000000000000
000000000000000000000X00
000000000000000000000000
000000000000000000000000
00X000000000000000000000
000000000000000000000000
000000000000000000000000
000000000000000000000000
000000000000000000000000
000000000000000000000000
000000000000000000000000
000000000000000000000000
000000000000000000000000
000000000000000000000000
000000000000000000000000
000000000000000000000000
000000000000000000000000
0000000000X0000000000000
000000000000000000000000
000000000000000000000000
000000000000000000000000
00000000000000X000000000
000000000000000000000000
000000000X00000000000000
000000000000000000000000
000000000000000000000000
000000000000000000000000
000000000000000000000000
000000000000000000000000
000000000000000000000LLL
0000000000000000X0000LLL
0X0000000000000000000LLL
