000000000000000000000000
000000000000000000000000
000000000000000000000000
000000000000000000000000
000000000000000000000000
000000000000000000000000
0X000X000000000000000000
000000000000000000000000
000000000000000000000000
000000000000000000X00000
000000000000000000000000
000000000000000000000000
000000000000000000000000
000000000000000000000000
000000000000000000000000
000000000000000000000000
000000000000000000000000
0X0000000000000000000000
000000000000000000000000
000000000000000000000000
X0000X000000000000000000
000000000000000000000000
000000000000000000000000
000000000000000000000000
00000000X000000000000000
000000000000000000000000
000000000000000000000000
000000000000000000000000
000000000000000000000000
000X00000000000000000000
000000000000000000000000
000000000000000000000000
000000000000000000000000
000000X0000000000X000000
000000000000000000000000
000000000000000000000000
000000000000000000000000
000000000000000000000000
000000000000000000000LLL
000000000000000000000LLL
000000000000000000000LLL
