000000000000000000000000
000000000000000000000000
000000000000000000000000
000000000000X00000000000
000000000000000000000000
000000000000000000000000
000000000000000000000000
000000000000000000000000
000000000000000000000000
000000000000000000000000
000000000000000000000000
000000000000000000000000
000000000000000000000000
000000000000000000000000
0000000000000000X0000000
00X000000000000000000000
000000000000000000000000
000000000000000000000000
000000000000000000000000
000000000000000000000000
000000000000000000000000
000000000000000000000000
000000000000000000000000
000000000000000000000000
000000000000000000000000
0X0000000000000000000000
000000000000000000000000
000000000000000000000000
000000000X0000X000000000
000000000000000000000000
000000000000000000000000
000000000000000000000000
000000000000000000000000
000000000000000000000000
00X00X000000000000000000
0X0000000000000000000000
000000000000000000000000
000000000000000000000000
000000000000000000000LLL
000000000000000000000LLL
0000000000000X0000000LLL
