000000000000000000000000
000000000X00000000000000
000000000000000000000000
000000000000000000000000
00000000000000000X000000
000000000000000000000000
000000000000000000000000
000000000000000000000000
000000000000000000000000
000000000000000000000000
000000000000000000000000
000000000000000000000000
000000000000000000000000
000000000000000000000000
000000000000000000000X00
000000000000000000000000
000000000000000000000000
0000000000000000000X0000
00X00X000000000000000000
000000000000000000000000
000000000000000000000000
000000000000000000000000
000000000000000000000000
000000000000000000000000
000000000000000000X00000
000000000000000000000000
000000000000000000000000
000000000000000000X00000
000000000000000000000000
000000000000000000000000
000000000000000000000000
000000000000000000000000
X00000000000000000000000
000000000000000000000000
00000000000000000000X000
000000000000000000000000
000000000000000000000000
000000000000000000000000
000000000000000000000LLL
000000000000000000000LLL
000000000000000000000LLL
