000000000000000000000000
000000000000000000000000
000000000000000000000000
000000000000000000000000
00000000000000000000X000
000000000000000000X00000
00X000000000000000000000
000000000000000000000000
000000000000000000000000
000000000000000000000000
000000000000000000000000
000000000000000000000000
000000000000000000000000
000000000000000000000000
000000000000000000000000
000000000000000000000000
000000000000000000000000
000000000000000000000000
000000000000000000000000
000000000000000000000000
000000000000000000000000
000000000X00000X00000000
000000000000000000000000
000000000000000000000000
000000000000000000000000
00000000000X000000000000
000000000000000000000000
000000000000000000000000
000000000000000000000000
000000000000000000000000
000000000000000000000000
000000000X00000000000000
0000000X0000000000000000
0000000000000000000000X0
000000000000000000000000
000000000000000000000000
000000000000000000000000
000000000000000000000000
000000000000000000000LLL
000000000000X00000000LLL
000000000000000000000LLL
